00000000
11111111
11111111
11111111
11111111
11111111
11111111
00000000
00010000
11101100
00000001
00000000
00000000
00000000
00000000
00000000
00000010
00011010
00000001
00000011
10100001
00110011
00011101
01111000
00001010
11101100
00011000
10100011
01010100
01000110
10011000
00100101
00001111
01001000
01001100
00100001
00001000
00000000
10000001
11000000
11010001
11000000
00000001
00000000
00000001
00000000
00000001
00000000
00000001
00000001
00000001
00000001
00000001
00000001
00000001
00011101
00000000
01110010
01010001
11010000
00011110
00100000
01101110
00101000
01010101
00000000
00000000
11010000
01010010
00000000
00000000
00011010
00000000
00000000
00000000
11111100
00100000
01000100
01101001
01100111
01101001
01101100
01100101
01101110
01110100
01000100
01010110
01001001
00101101
00110001
00000000
00000000
00000000
00010000
00000000
00000000
00000000
00000000
00000000
00000000
00000000
00000000
00000000
00000000
00000000
00000000
00000000
00000000
00000000
00000000
00000000
00010000
00000000
00000000
00000000
00000000
00000000
00000000
00000000
00000000
00000000
00000000
00000000
00000000
00000000
00000000
00000000
00001110
00000000
00000000
00000000
00000000
00000000
00000000
00000000
00000000
00000000
00000000
00000000
00000000
00000000
00000000
00000000
00000000
00000000
00000000
00000000
00000000
00000000
00000000
00000000
00000000
00000000
00000000
00000000
00000000
00000000
00000000
00000000
00000000
00000000
00000000
00000000
00000000
00000000
00000000
00000000
00000000
00000000
00000000
00000000
00000000
00000000
00000000
00000000
00000000
00000000
00000000
00000000
00000000
00000000
00000000
00000000
00000000
00000000
00000000
00000000
00000000
00000000
00000000
00000000
00000000
00000000
00000000
00000000
00000000
00000000
00000000
00000000
00000000
00000000
00000000
00000000
00000000
00000000
00000000
00000000
00000000
00000000
00000000
00000000
00000000
00000000
00000000
00000000
00000000
00000000
00000000
00000000
00000000
00000000
00000000
00000000
00000000
00000000
00000000
00000000
00000000
00000000
00000000
00000000
00000000
00000000
00000000
00000000
00000000
00000000
00000000
00000000
00000000
00000000
00000000
00000000
00000000
00000000
00000000
00000000
00000000
00000000
00000000
00000000
00000000
00000000
00000000
00000000
00000000
